Keyword;Volume;Keyword Difficulty;CPC (USD);Competitive Density;Number of Results;Intent;SERP Features;Trend
cách học bơi;480;14;0.00;0.12;20700000;Informational, Transactional;Site links, FAQ, Video, Video carousel;0.06,0.09,0.14,0.31,1.00,0.68,0.38,0.21,0.11,0.05,0.05,0.03
cách học bơi nhanh nhất;390;9;0.00;0.07;23100000;Informational;Site links, FAQ, Video carousel;0.03,0.06,0.06,0.13,1.00,0.63,0.37,0.20,0.09,0.06,0.04,0.03
cách học bơi ếch;170;8;0.00;0.68;2630000;Informational, Transactional;Reviews, Video carousel;0.03,0.03,0.08,0.24,1.00,1.00,0.54,0.19,0.12,0.08,0.03,0.02
cách học bơi nhanh;70;7;0.00;0.00;222000000;Informational;Reviews, Site links, FAQ, Image pack, Video carousel;0.25,1.00,0.25,0.25,0.75,0.25,0.25,0.75,0.25,0.25,0.25,0.75
cách học bơi ếch nhanh nhất;70;7;0.00;0.04;1980000;Informational;Reviews, FAQ, Image pack, Video carousel;0.33,0.11,0.11,0.11,0.11,0.78,0.11,1.00,0.11,0.78,0.33,0.11
học cách đứng nước khi bơi;70;3;0.00;0.03;40000000;Informational, Transactional;Reviews, FAQ, Video carousel;0.11,0.33,0.11,0.44,0.11,0.11,0.22,0.11,0.11,0.11,0.44,1.00
các cách học bơi hiệu quả;40;;0.00;0.00;;;;0.00,0.50,0.50,0.50,1.00,0.00,0.50,0.00,0.00,0.00,0.00,0.00
cách học bơi cho trẻ em;40;;0.00;0.60;;;;0.20,0.00,0.20,0.20,0.20,0.20,0.20,1.00,0.20,0.20,0.20,0.80
cách học bơi sải;30;;0.00;0.00;;;;0.03,0.03,0.03,0.22,1.00,0.81,0.34,0.13,0.03,0.06,0.03,0.03
cách dạy trẻ học bơi;20;;0.00;0.00;;;;0.20,0.20,0.60,0.20,0.20,0.20,1.00,0.20,1.00,0.00,0.00,0.00
cách học bơi nhanh chóng;20;;0.00;0.00;;;;0.14,0.43,0.14,0.14,0.14,0.14,0.14,0.14,0.00,0.00,1.00,0.00
cách học bơi trên cạn;20;;0.00;0.00;;;;0.00,1.00,0.11,0.44,0.11,0.11,0.78,0.11,0.11,0.11,0.00,0.00
cách học bơi ếch cơ bản;20;;0.00;0.00;;;;0.00,0.14,0.29,0.14,1.00,0.14,0.14,0.14,0.00,0.00,0.14,0.00
cách học bơi ếch hiệu quả;20;;0.00;0.00;;;;0.14,0.14,0.14,0.14,0.14,1.00,0.14,1.00,0.00,0.14,0.14,0.00
cách tự học bơi;20;;0.00;0.16;;;;0.04,0.04,0.04,0.08,1.00,0.04,0.04,0.04,0.04,0.08,0.04,0.04
học bơi ếch đúng cách;20;;0.00;0.00;;;;1.00,0.14,0.14,0.14,0.14,0.14,1.00,0.00,0.00,0.14,0.00,0.00
học cách bơi;20;;0.00;0.71;;;;0.50,0.07,0.07,0.07,1.00,0.79,0.21,0.07,0.36,0.07,0.07,0.07
học cách bơi đứng nước;20;;0.00;0.00;;;;0.29,0.71,0.14,0.14,0.29,0.29,0.14,1.00,0.14,0.14,0.71,0.00
cách bơi cho người mới học;10;;0.00;0.00;;;;0.00,0.00,0.00,0.50,0.50,0.50,1.00,0.00,0.50,1.00,0.00,0.00
cách bơi cho người mới học bơi;10;;0.00;0.00;;;;0.80,0.00,0.00,0.00,0.40,0.00,0.60,0.00,1.00,0.00,0.20,0.00
cách dạy học bơi;10;;0.00;0.71;;;;0.00,0.25,0.25,1.00,0.25,0.25,0.25,0.25,0.25,0.00,0.50,0.25
cách học bơi cho người mới bắt đầu;10;;0.00;0.02;;;;0.19,0.08,0.04,0.29,0.29,1.00,0.02,0.06,0.02,0.02,0.04,0.02
cách học bơi chó;10;;0.00;0.14;;;;0.14,0.14,0.14,0.14,0.57,1.00,0.57,0.14,0.00,0.14,0.14,0.29
cách học bơi cơ bản;10;;0.00;0.00;;;;0.15,0.03,0.02,0.02,1.00,0.02,0.02,0.02,0.02,0.02,0.02,0.08
cách học bơi dễ nhất;10;;0.00;0.00;;;;0.22,0.11,0.11,0.11,0.22,0.11,0.11,1.00,0.11,0.33,0.22,0.11
cách học bơi hiệu quả;10;;0.00;0.00;;;;0.14,0.29,0.14,0.29,1.00,0.14,0.14,0.14,0.14,0.14,0.57,0.00
cách học bơi hiệu quả nhất;10;;0.00;0.00;;;;0.00,0.00,0.00,0.33,0.33,0.00,1.00,0.00,0.00,0.00,0.00,0.00
cách học bơi ngửa;10;;0.00;0.00;;;;0.11,0.11,0.11,0.22,1.00,0.11,0.56,0.11,0.11,0.22,0.11,0.11
cách học bơi sai nhanh;10;;0.00;0.00;;;;0.11,0.11,0.11,1.00,0.11,0.22,0.11,0.11,0.11,0.22,0.11,0.11
cách học bơi sải nhanh nhất;10;;0.00;0.00;;;;0.33,0.33,0.33,0.33,1.00,0.33,0.33,0.33,0.33,0.33,0.33,0.33
cách học bơi tự cứu;10;;0.00;0.00;;;;0.00,0.00,0.00,0.25,0.25,0.50,1.00,0.00,0.00,0.00,0.00,0.00
cách học bơi đơn giản nhất;10;;0.00;0.00;;;;0.11,0.22,0.33,1.00,0.11,0.11,0.11,0.33,0.33,0.11,0.00,0.11
cách làm đơn xin miễn học bơi;10;;0.00;0.00;;;;0.14,0.00,0.00,0.00,0.00,0.00,0.43,0.71,0.14,0.14,0.00,1.00
cách tự học bơi nhanh nhất;10;;0.00;0.00;;;;0.07,0.07,0.07,0.14,1.00,0.21,0.07,0.07,0.14,0.07,0.14,0.07
hướng dẫn cách học bơi sải;10;;0.00;0.00;;;;0.00,0.00,0.00,1.00,0.14,1.00,0.00,0.00,0.00,0.00,0.00,0.00
học cách bơi sải;10;;0.00;0.20;;;;0.20,0.20,0.20,0.20,0.80,0.20,0.20,0.40,0.20,1.00,0.20,0.40
học cách bơi ếch;10;;0.00;0.25;;;;0.18,0.09,0.09,0.18,1.00,1.00,0.09,0.27,0.18,0.18,0.18,0.18
xem cách học bơi;10;;0.00;0.52;;;;1.00,0.29,0.14,0.14,0.14,0.14,0.14,0.00,0.29,0.00,0.00,0.14
cách bơi sải cho người mới học;0;;0.00;0.00;;;;0.00,0.00,0.00,0.00,0.00,0.00,0.00,0.00,0.00,0.00,0.00,0.00
cách học boi tốt nhat cho người chưa biết bơi;0;;0.00;0.00;;;;0.00,0.00,0.00,0.00,0.00,0.00,0.00,0.00,0.00,0.00,0.00,0.00
cách học bơi 1 mình;0;;0.00;0.00;;;;0.00,0.00,0.00,0.00,0.00,0.00,0.00,0.00,0.00,0.00,0.00,0.00
cách học bơi cấp tốc;0;;0.00;0.00;;;;0.00,0.00,0.00,0.00,0.00,0.00,0.00,0.00,0.00,0.00,0.00,0.00
cách học bơi ngua;0;;0.00;0.00;;;;0.00,0.00,0.00,0.00,0.00,0.00,0.00,0.00,0.00,0.00,0.00,0.00
cách học bơi ngửa nhanh;0;;0.00;0.00;;;;0.00,0.00,0.00,0.00,0.00,0.00,0.00,0.00,0.00,0.00,0.00,0.00
cách học bơi sải nhanh;0;;0.00;0.00;;;;0.00,0.00,0.00,0.00,0.00,0.00,0.00,0.00,0.00,0.00,0.00,0.00
cách học bơi đúng cách;0;;0.00;0.00;;;;0.00,0.00,0.00,0.00,0.00,0.00,0.00,0.00,0.00,0.00,0.00,0.00
cách làm vệ sinh trong bể bơi trong trường học;0;;0.00;0.00;;;;0.00,0.00,0.00,0.00,0.00,0.00,0.00,0.00,0.00,0.00,0.00,0.00
cách trốn học bơi;0;;0.00;0.00;;;;0.00,0.00,0.00,0.00,0.00,0.00,0.00,0.00,0.00,0.00,0.00,0.00
hình ảnh vẽ học cách bơi trong biển;0;;0.00;0.00;;;;0.00,0.00,0.00,0.00,0.00,0.00,0.00,0.00,0.00,0.00,0.00,0.00
hướng dẫn cách học bơi ngửa;0;;0.00;0.00;;;;0.00,0.00,0.00,0.00,0.00,0.00,0.00,0.00,0.00,0.00,0.00,0.00
học cách thở khi bơi sải;0;;0.00;0.00;;;;0.00,0.00,0.00,0.00,0.00,0.00,0.00,0.00,0.00,0.00,0.00,0.00
học cách thở trong bơi ếch;0;;0.00;0.00;;;;0.00,0.00,0.00,0.00,0.00,0.00,0.00,0.00,0.00,0.00,0.00,0.00
học cách xủ lý nước bể bơi;0;;0.00;0.00;;;;0.00,0.00,0.00,0.00,0.00,0.00,0.00,0.00,0.00,0.00,0.00,0.00
làm cách nào để học bơi;0;;0.00;0.00;;;;0.00,0.00,0.00,0.00,0.00,0.00,0.00,0.00,0.00,0.00,0.00,0.00
mà là để ta học cách bơi;0;;0.00;0.00;;;;0.00,0.00,0.00,0.00,0.00,0.00,0.00,0.00,0.00,0.00,0.00,0.00
nỗ lực học bơi một cách vui vẻ;0;;0.00;0.00;;;;0.00,0.00,0.00,0.00,0.00,0.00,0.00,0.00,0.00,0.00,0.00,0.00
video dạy cách học bơi;0;;0.00;0.00;;;;0.00,0.00,0.00,0.00,0.00,0.00,0.00,0.00,0.00,0.00,0.00,0.00
xem các cách học bơi;0;;0.00;0.00;;;;0.00,0.00,0.00,0.00,0.00,0.00,0.00,0.00,0.00,0.00,0.00,0.00

