Keyword;Volume;Keyword Difficulty;CPC (USD);Competitive Density;Number of Results;Intent;SERP Features;Trend
học bơi ếch;720;10;0.00;0.17;607000;Informational, Transactional;Video carousel;0.04,0.09,0.13,0.20,0.79,1.00,0.54,0.25,0.16,0.11,0.07,0.03
cách học bơi ếch;170;8;0.00;0.68;2630000;Informational, Transactional;Reviews, Video carousel;0.03,0.03,0.08,0.24,1.00,1.00,0.54,0.19,0.12,0.08,0.03,0.02
cách học bơi ếch nhanh nhất;70;7;0.00;0.04;1980000;Informational;Reviews, FAQ, Image pack, Video carousel;0.33,0.11,0.11,0.11,0.11,0.78,0.11,1.00,0.11,0.78,0.33,0.11
video học bơi ếch;50;;0.00;0.00;;;;0.00,0.14,1.00,0.14,0.14,0.29,0.14,0.29,1.00,0.14,0.43,0.00
học bơi ếch trên cạn;30;;0.00;0.00;;;;0.11,0.11,0.11,0.11,0.78,0.11,0.11,0.22,1.00,0.11,0.33,0.00
kinh nghiệm học bơi ếch;30;;0.00;0.00;;;;0.00,0.00,1.00,0.67,0.33,0.33,0.33,0.33,0.33,0.33,0.00,0.00
bé học bơi ếch;20;;0.00;0.00;;;;0.00,0.20,1.00,0.20,0.20,0.60,0.20,1.00,0.00,0.00,0.20,0.00
cách học bơi ếch cơ bản;20;;0.00;0.00;;;;0.00,0.14,0.29,0.14,1.00,0.14,0.14,0.14,0.00,0.00,0.14,0.00
cách học bơi ếch hiệu quả;20;;0.00;0.00;;;;0.14,0.14,0.14,0.14,0.14,1.00,0.14,1.00,0.00,0.14,0.14,0.00
học bơi ếch chuẩn;20;;0.00;0.00;;;;0.00,0.00,0.50,0.50,0.50,1.00,0.50,0.50,0.00,0.50,0.00,0.00
học bơi ếch mất bao lâu;20;;0.00;0.00;;;;0.50,0.29,0.07,0.07,0.07,1.00,0.07,0.07,0.07,0.50,0.07,0.07
học bơi ếch nhanh nhất;20;;0.00;0.00;;;;0.71,0.29,1.00,0.57,0.29,0.71,0.14,0.14,0.14,0.14,0.14,0.00
học bơi ếch đúng cách;20;;0.00;0.00;;;;1.00,0.14,0.14,0.14,0.14,0.14,1.00,0.00,0.00,0.14,0.00,0.00
clip dạy học bơi ếch;10;;0.00;0.00;;;;0.00,1.00,1.00,0.00,0.00,1.00,0.00,1.00,0.00,0.00,0.00,0.00
clip học bơi ếch;10;;0.00;0.00;;;;0.50,0.00,1.00,0.50,1.00,1.00,0.50,0.50,1.00,0.50,0.00,0.00
hướng dẫn học bơi ếch;10;;0.00;0.00;;;;0.44,0.11,0.11,0.11,0.11,1.00,0.11,0.11,0.11,0.11,0.11,0.56
hướng dẫn học bơi ếch cơ bản;10;;0.00;0.00;;;;0.60,0.00,0.20,0.40,0.20,0.20,1.00,0.20,0.20,0.20,0.20,1.00
hướng dẫn tự học bơi ếch;10;;0.00;0.00;;;;0.33,0.33,0.33,0.33,1.00,0.33,1.00,0.33,0.33,0.33,0.00,0.00
học bơi ếch cho người mới bắt đầu;10;;0.00;0.00;;;;0.07,0.07,0.07,0.14,1.00,0.07,0.07,0.07,0.07,0.07,0.07,0.07
học bơi ếch cơ bản;10;;0.00;1.00;;;;0.06,0.06,0.41,0.18,0.06,1.00,0.41,0.12,0.06,0.29,0.24,0.06
học bơi ếch cấp tốc;10;;0.00;0.11;;;;0.11,0.11,0.11,0.11,0.11,0.11,0.11,0.11,0.11,0.11,0.00,1.00
học bơi ếch nhanh;10;;0.00;0.00;;;;0.75,0.00,0.75,0.00,1.00,0.25,0.25,0.00,0.75,0.25,0.25,0.00
học bơi ếch đúng kỹ thuật;10;;0.00;0.00;;;;0.00,0.14,0.00,0.14,0.29,0.14,1.00,0.00,0.29,0.14,0.14,0.00
học cách bơi ếch;10;;0.00;0.25;;;;0.18,0.09,0.09,0.18,1.00,1.00,0.09,0.27,0.18,0.18,0.18,0.18
tự học bơi ếch;10;;0.00;0.38;;;;0.10,0.05,0.14,0.05,0.52,1.00,0.05,0.05,0.05,0.05,0.05,0.05
các bước để học bơi ếch;0;;0.00;0.00;;;;0.00,0.00,0.00,0.00,0.00,0.00,0.00,0.00,0.00,0.00,0.00,0.00
câu chuyện học bơi với ếch;0;;0.00;0.00;;;;0.00,0.00,0.00,0.00,0.00,0.00,0.00,0.00,0.00,0.00,0.00,0.00
câu chuyện học bơi với ếch lơp 1;0;;0.00;0.00;;;;0.00,0.00,0.00,0.00,0.00,0.00,0.00,0.00,0.00,0.00,0.00,0.00
giáo trình học bơi ếch;0;;0.00;0.00;;;;0.00,0.00,0.00,0.00,0.00,0.00,0.00,0.00,0.00,0.00,0.00,0.00
giáo án tiết đọc thư viện học bơi với ếch;0;;0.00;0.00;;;;0.00,0.00,0.00,0.00,0.00,0.00,0.00,0.00,0.00,0.00,0.00,0.00
hình ảnh học bơi ếch;0;;0.00;0.00;;;;0.00,0.00,0.00,0.00,0.00,0.00,0.00,0.00,0.00,0.00,0.00,0.00
học bơi sải có khó như bơi ếch không;0;;0.00;0.00;;;;0.00,0.00,0.00,0.00,0.00,0.00,0.00,0.00,0.00,0.00,0.00,0.00
học bơi ếch bao lâu;0;;0.00;0.00;;;;0.00,0.00,0.00,0.00,0.00,0.00,0.00,0.00,0.00,0.00,0.00,0.00
học bơi ếch chuyên nghiệp;0;;0.00;0.00;;;;0.00,0.00,0.00,0.00,0.00,0.00,0.00,0.00,0.00,0.00,0.00,0.00
học bơi ếch hiện đại;0;;0.00;0.00;;;;0.00,0.00,0.00,0.00,0.00,0.00,0.00,0.00,0.00,0.00,0.00,0.00
học bơi ếch nâng cao;0;;0.00;0.00;;;;0.00,0.00,0.00,0.00,0.00,0.00,0.00,0.00,0.00,0.00,0.00,0.00
học bơi ếch sẽ khó học bơi sải;0;;0.00;0.00;;;;0.00,0.00,0.00,0.00,0.00,0.00,0.00,0.00,0.00,0.00,0.00,0.00
học bơi ếch đơn giản;0;;0.00;0.00;;;;0.00,0.00,0.00,0.00,0.00,0.00,0.00,0.00,0.00,0.00,0.00,0.00
học bơi ếch ở hà nội;0;;0.00;0.00;;;;0.00,0.00,0.00,0.00,0.00,0.00,0.00,0.00,0.00,0.00,0.00,0.00
học cách thở trong bơi ếch;0;;0.00;0.00;;;;0.00,0.00,0.00,0.00,0.00,0.00,0.00,0.00,0.00,0.00,0.00,0.00
học thở trong bơi ếch;0;;0.00;0.00;;;;0.00,0.00,0.00,0.00,0.00,0.00,0.00,0.00,0.00,0.00,0.00,0.00
lý thuyết học bơi ếch;0;;0.00;0.00;;;;0.00,0.00,0.00,0.00,0.00,0.00,0.00,0.00,0.00,0.00,0.00,0.00
nên học bơi ếch hay bơi sải;0;;0.00;0.00;;;;0.00,0.00,0.00,0.00,0.00,0.00,0.00,0.00,0.00,0.00,0.00,0.00
sửa lỗi khi học bơi ếch;0;;0.00;0.00;;;;0.00,0.00,0.00,0.00,0.00,0.00,0.00,0.00,0.00,0.00,0.00,0.00
tiến trình biểu dạy bơi ếch cho 12 buổi học;0;;0.00;0.00;;;;0.00,0.00,0.00,0.00,0.00,0.00,0.00,0.00,0.00,0.00,0.00,0.00
video hướng dẫn học bơi ếch;0;;0.00;0.00;;;;0.00,0.00,0.00,0.00,0.00,0.00,0.00,0.00,0.00,0.00,0.00,0.00

