Keyword;Volume;Keyword Difficulty;CPC (USD);Competitive Density;Number of Results;Intent;SERP Features;Trend
tự học bơi;170;11;0.00;0.62;20300000;Informational, Transactional;Reviews, Site links, FAQ, Image pack, Video carousel;0.10,0.10,0.23,0.44,1.00,0.81,0.54,0.23,0.08,0.15,0.10,0.10
tự học bơi cơ bản;50;;0.00;0.00;;;;1.00,0.11,0.11,0.11,0.44,0.33,0.11,0.33,0.78,0.56,0.11,0.00
tự học bơi sải freestyle;40;;0.00;0.00;;;;0.14,0.14,1.00,0.14,0.00,0.00,0.00,0.00,0.00,0.00,0.00,0.00
tự học bơi nhanh nhất;30;;0.00;0.00;;;;0.00,0.33,0.33,0.33,0.33,0.33,0.33,0.67,1.00,0.33,0.33,0.00
cách tự học bơi;20;;0.00;0.16;;;;0.04,0.04,0.04,0.08,1.00,0.04,0.04,0.04,0.04,0.08,0.04,0.04
tự học bơi bướm;20;;0.00;0.00;;;;1.00,0.33,0.33,0.33,0.33,0.33,1.00,0.67,1.00,0.33,0.33,0.33
cách học bơi tự cứu;10;;0.00;0.00;;;;0.00,0.00,0.00,0.25,0.25,0.50,1.00,0.00,0.00,0.00,0.00,0.00
cách tự học bơi nhanh nhất;10;;0.00;0.00;;;;0.07,0.07,0.07,0.14,1.00,0.21,0.07,0.07,0.14,0.07,0.14,0.07
có thể tự học bơi không;10;;0.00;0.00;;;;0.05,0.10,0.24,0.05,1.00,1.00,0.05,0.05,0.05,0.05,0.10,0.05
hướng dẫn tự học bơi ếch;10;;0.00;0.00;;;;0.33,0.33,0.33,0.33,1.00,0.33,1.00,0.33,0.33,0.33,0.00,0.00
học bơi tự cứu;10;;0.00;0.00;;;;0.33,0.00,0.33,0.67,0.33,0.33,0.33,1.00,0.33,0.00,0.00,0.00
tự học bơi có được không;10;;0.00;0.07;;;;0.14,0.71,0.14,0.71,0.71,0.14,0.14,0.14,0.43,0.29,1.00,0.14
tự học bơi ngửa;10;;0.00;0.00;;;;0.50,0.50,1.00,0.50,0.50,0.50,0.50,0.50,1.00,0.50,0.00,0.00
tự học bơi như thế nào;10;;0.00;0.00;;;;0.00,0.00,0.00,1.00,0.33,0.33,0.33,0.00,0.00,0.00,0.33,0.00
tự học bơi sải;10;;0.00;0.03;;;;0.50,0.50,1.00,1.00,0.50,1.00,0.50,0.50,1.00,0.50,0.50,0.50
tự học bơi tại nhà;10;;0.00;0.00;;;;0.25,0.25,0.25,0.25,0.25,1.00,0.25,0.75,0.25,0.25,1.00,0.75
tự học bơi được không;10;;0.00;0.00;;;;0.11,0.11,0.56,0.11,0.11,0.33,0.11,0.22,1.00,0.11,0.11,0.11
tự học bơi ếch;10;;0.00;0.38;;;;0.10,0.05,0.14,0.05,0.52,1.00,0.05,0.05,0.05,0.05,0.05,0.05
bể bơi gần trường đại học khoa học tự nhiên;0;;0.00;0.00;;;;0.00,0.00,0.00,0.00,0.00,0.00,0.00,0.00,0.00,0.00,0.00,0.00
có nên tự học bơi;0;;0.00;0.00;;;;0.00,0.00,0.00,0.00,0.00,0.00,0.00,0.00,0.00,0.00,0.00,0.00
giáo trình tự hoc học bơi;0;;0.00;0.00;;;;0.00,0.00,0.00,0.00,0.00,0.00,0.00,0.00,0.00,0.00,0.00,0.00
giáo trình tự học bơi;0;;0.00;0.00;;;;0.00,0.00,0.00,0.00,0.00,0.00,0.00,0.00,0.00,0.00,0.00,0.00
hướng dẫn tự học bơi sải;0;;0.00;0.00;;;;0.00,0.00,0.00,0.00,0.00,0.00,0.00,0.00,0.00,0.00,0.00,0.00
học bơi cho trẻ tự kỷ;0;;0.00;0.00;;;;0.00,0.00,0.00,0.00,0.00,0.00,0.00,0.00,0.00,0.00,0.00,0.00
học bơi kiểu nào tự cứu hiệu quả nhất;0;;0.00;0.00;;;;0.00,0.00,0.00,0.00,0.00,0.00,0.00,0.00,0.00,0.00,0.00,0.00
tự học bơi bướm nhanh;0;;0.00;0.00;;;;0.00,0.00,0.00,0.00,0.00,0.00,0.00,0.00,0.00,0.00,0.00,0.00
tự học bơi lội;0;;0.00;0.00;;;;0.00,0.00,0.00,0.00,0.00,0.00,0.00,0.00,0.00,0.00,0.00,0.00
video tự học bơi;0;;0.00;0.00;;;;0.00,0.00,0.00,0.00,0.00,0.00,0.00,0.00,0.00,0.00,0.00,0.00

